coordinates
              latitude          longitude ilosc
1          52.23752936        21.00948042     1
2          52.23776325        21.00761585     1
3         52.238126175       21.010395725     1
4          52.23915958        21.01130398     1
5    52.24419258666667 21.013297719999997     1
6            52.246361        21.01250889     1
7    52.23645028333333  20.99769611111111     1
8   52.239578529411766  20.99903161764706     1
9    52.24068994615384 21.003222769230767     1
10   52.24295829230769 20.998648815384616     2
11          52.2448886 20.997678280000002     1
12          52.2457745         20.9914352     1
13      52.24713108125      20.9941623375     1
14         52.24907566        20.99037638     2
15        52.251489425 20.998998133333334     1
16   52.25049528888889 21.012669433333333     1
17  52.250188364705885  21.01095735882353     1
18   52.23782776666667 21.019579133333334     1
19   52.23760638181818 21.021771836363637     1
20   52.22541523448276  21.02423497586207     1
21   52.22696404166667 21.025203216666664     2
22           52.230021  21.01810208666667     1
23   52.22493103076923  21.01524347692308     1
24   52.22277523333333       21.022048575     1
25          52.2207473         21.0204311     1
26         52.21617081        21.02240794     4
27   52.21539038333333 21.021042833333333     1
28   52.22144892857143  21.01566907142857     1
29  52.225807180000004 21.013589080000003     1
30   52.20286064545454  21.05084900454545     1
31    52.2121711313253 21.064224226506024     1
32         52.20927527        21.05043352     1
33  52.201696935294116  21.04053050588235     1
34   52.20247308076923 21.043450319230768     1
35  52.198622879411765  21.04611611470588     1
36   52.20495786111111  21.04590403888889     1
37   52.20563066521739 21.039259926086956     1
38          52.2058126 21.037436831428572     1
39          52.2064693     21.03923564375     2
40   52.21037095555556  21.02989728888889     1
41  52.199102565853664  21.03934090487805     1
42   52.20905568571429 21.021293514285713     1
43  52.228635489999995 20.997525019999998     1
44         52.23206224        20.98807822     1
45   52.23284496153846         20.9889531     1
46         52.23610196         20.9902606     1
47   52.23788996666667        20.99190825     1
48          52.2394688        20.99227705     1
49          52.2634356  21.17712978910891     2
50       52.2427902125        20.99022925     1
51         52.24243465        20.98830325     1
52  52.243692239285714 20.986903910714286     1
53        52.247007725        20.98633165     1
54          52.2450298         20.9823624     1
55   52.24449694347826  20.98276695217391     1
56  52.238693915384616 20.978469815384614     1
57   52.23113278461538 20.935742292307694     1
58   52.22943322857142 20.934101057142858     1
59   52.23302646470589 20.936588020588236     3
60   52.23644070714286 20.945661435714285     1
61   52.23499900595238 20.959402938095238     3
62         52.23930035         20.9722993     1
63   52.23922844166667        20.96405055     1
64   52.24499456363636  20.96214937272727     1
65      52.24365068125        20.96226265     2
66          52.2425444        20.96174646     1
67          52.2401412  20.97128905909091     1
68         52.23891695 20.970923866666666     1
69   52.23882740833333 20.969116904166665     1
70  52.238432493333335        20.97607464     1
71   52.22661033804348         20.9769604     1
72  52.230506365217394 20.961756717391303     1
73           52.228841         20.9626169     1
74  52.231412517391306  20.96943188695652     1
75    52.2327416902439 20.965929263414633     3
76      52.22709835625     20.95532476875     3
77   52.22393911388889       20.953946475     2
78  52.231962939999995        20.95377096     1
79        52.223771116       20.942257166     4
80  52.221099405882356 20.932437617647057     1
81  52.224451688461535 20.900595015384614     1
82   52.22588347777778 20.903477527777778     1
83   52.22976098636364 20.900782795454546     1
84  52.232756022000004       20.896691403     1
85   52.23425535888889 20.901037523333333     3
86  52.224756347328245  20.89040751755725     2
87   52.22127823061224 20.907999373469387     2
88   52.22149434583333  20.90709441388889     1
89   52.22354060476191 20.908365526190476     1
90   52.22768266666667        20.91781385     1
91   52.24420521538462 20.954291646153845     1
92   52.24633008333333        20.95495195     1
93          52.2476341 20.950342369999998     1
94   52.24096842631579 20.916241134736843     1
95   52.24913827816092  20.91928833678161     1
96   52.24221156821192  20.90143752913907     1
97   52.25424145529412 20.907226943529412     2
98   52.26451343157895 20.899796868421053     2
99   52.25304400361991 20.917446354298644     3
100 52.254853860504205 20.933542544957984     5
101  52.26066544285714 20.984474414285714     1
102         52.2606447       20.982523275     2
103 52.260747594117646 20.997432676470588     1
104  52.26004326666667         20.9986863     1
105         52.2617655         20.9952252     1
106  52.26432564285714         20.9801748     1
107        52.26975262        20.97596766     1
108 52.269132678571424  20.97447107857143     1
109 52.274126064516125 20.981343038709678     1
110 52.275656095833334 20.982018645833335     2
111 52.282684477272724 20.981535434090908     1
112  52.27674291923077 20.983295823076922     1
113  52.28264000666667 20.972842038787878     1
114 52.278682409090905  20.96464961818182     1
115 52.272401933333335          20.962184     1
116  52.26396242962963 20.961619207407406     1
117  52.26170772727273 20.959159204545454     2
118  52.26107164634146 20.967542397560976     1
119  52.26501384705882 20.966500747058824     1
120  52.25619037307692  20.97025543076923     1
121  52.27738186617647  20.94606638970588     2
122  52.28303232857143 20.952543957142858     1
123     52.28298978125     20.94255071875     1
124  52.27330845833333       20.943507925     1
125          52.266643       20.946212625     2
126  52.26784412462686 20.947181150746268     4
127  52.27916817142857 20.959187685714287     2
128  52.26850964807692 20.938818459615387     1
129  52.27104983684211 20.941573768421055     4
130        52.27158595        20.93879905     2
131 52.273760744444445         20.9532885     1
132  52.27520450769231 20.954652353846154     1
133  52.27578089318182  20.93521015909091     2
134 52.284525564864865  20.92761154864865     1
135  52.28547156481481 20.916076341666667     2
136         52.2803806  20.93651028181818     1
137  52.28576213333333 20.933713716666666     1
138         52.2863073 20.925755683333335     1
139  52.29425835661765  20.89340327132353     1
140 52.274472782456144 20.926014692982456     1
141  52.27831562558139  20.91702521860465     1
142 52.275893412195124  20.92206372195122     2
143  52.27330225652174 20.920141086956523     1
144        52.29110225      20.9452150375     1
145  52.29298710909091 20.940306503030303     1
146         52.2203564 20.985245283333334     1
147         52.2182095  21.00206501785714     1
148     52.21313521875       20.979227425     2
149         52.2132623  20.98073331111111     1
150  52.20526707692308  20.97325646923077     1
151 52.205635247500005       20.976792055     1
152  52.20526409523809 20.982044633333334     1
153        52.20302666        20.98330718     1
154      52.2025679125     20.97019505625     1
155        52.20029935 20.981618516666664     1
156  52.19547907826087 20.977408895652175     1
157        52.15082205        20.96553315     1
158  52.18891578421053 20.959007377192982     1
159  52.19335395714286 20.961731342857142     1
160 52.198022173333335 20.942200953333334     1
161  52.18797627205882 20.945784719117647     1
162   52.1798902159091 20.938797190909092     1
163  52.22216190714286 20.984356142857145     1
164  52.22047641111111 20.978145505555556     1
165         52.2173962 20.981574444444444     1
166  52.21382776222222 20.968175040000002     1
167      52.2111937375       20.973522075     1
168  52.21153736666667 20.971190566666667     1
169  52.21068412040817  20.96591807755102     1
170  52.20817986666667  20.97221401904762     1
171  52.20670208666667 20.968787523333333     1
172      52.2041356875       20.969775675     1
173  52.20085111666667 20.962855196666666     1
174  52.20455711428571         20.9690184     1
175  52.21191182962963  20.91281462839506     1
176 52.210734768421055 20.934863589473686     1
177   52.2010505829653  20.91051794164038     3
178 52.197690726666664 20.928289166666666     1
179 52.203299124000004       20.922589124     1
180  52.19165831990506  20.88508306863924    18
181  52.20155020564854 20.863232295606693     3
182  52.21126467307692 21.021530573076923     1
183 52.207415935294115 21.013069805882353     1
184      52.2048773125        21.00426525     1
185 52.211087638461535 21.020048969230768     2
186  52.20249726363636 21.011585727272728     1
187  52.20358678333333 21.009756016666664     1
188  52.19827159322034 21.014302947457626     1
189 52.190070195652176 21.023875095652176     1
190     52.19679896875       20.998238925     1
191      52.1960498425      20.9941576725     1
192 52.189132903448275 20.998377360344826     1
193       52.190902516 21.005027128000002     1
194  52.19049468461539  21.01142937692308     1
195 52.186653832558136 21.019998874418604     1
196        52.18469784        21.01278805     1
197   52.1749453117647 21.012929058823527     1
198 52.183385038157894  21.00516912236842     2
199         52.1863064       20.992782724     1
200  52.18300853384615        21.01339036     1
201 52.166782482608696  21.01246108695652     1
202 52.167828785000005        21.00571136     1
203  52.16964127333333 21.005095893333333     1
204         52.1722074 21.018575554285714     1
205 52.180959566666665 21.010520955555556     1
206      52.1713963375     21.00291814375     1
207  52.16322142254902 20.995066493137255     1
208  52.18136727307692  21.02669398653846     1
209 52.187942182608694  21.03244294347826     2
210    52.175978834375    21.028171028125     1
211  52.17343804444444 21.027551096296296     1
212         52.1705303  21.02488277027027     1
213  52.16789108605769 21.059123710576923     1
214  52.18315593076923  21.05020929230769     1
215  52.18092423421053 21.051941768421052     1
216  52.17547033076923 21.051737669230768     1
217 52.177907492307696         21.0573219     3
218 52.153047325773194 21.049973769329895     5
219  52.15316438154762          21.047013     4
220 52.154066848497855 21.025506088412016     3
221  52.15128406357143 21.050317382857145     3
222  52.14623345462963 21.064318319444446     1
223  52.14388405714286  21.05849262857143     1
224     52.13948775625         21.0446526     1
225  52.13419012371134 21.070683565206185     1
226  52.14637916666667 21.065906713972055     2
227  52.15517103690476 21.006440682142856     1
228  52.13812558248588  21.01045638220339     1
229   52.1288702972973 21.022518686486485     3
230  52.11692343461539  21.01449752692308     1
231  52.10742610039526 21.027682929249014     1
232  52.18935424210526 21.061345836842104     2
233 52.193572418367346  21.06276423265306     1
234  52.18213670952381 21.069052942857144     2
235  52.18819155882353 21.052516470588234     1
236 52.182989059259256 21.059759414814813     1
237 52.183942859574465 21.062639921276595     1
238 52.190609570212764 21.054926478723402     1
239  52.17234726861314  21.07346174562044     1
240         52.1730256 21.065638641666666     1
241 52.160896197019866 21.072164085430465     3
242 52.335449559090904 21.006295486363637     1
243  52.33162607333333  21.01876417384615     1
244  52.33344628181818  20.97024283636364     1
245   52.3180548328125   20.9596524546875     5
246  52.31931895789474         20.9556579     3
247  52.32854013193277 20.946423686554624     1
248  52.33300118457143  20.93670693714286     3
249       52.335471328       20.952702156     1
250  52.32610587464789  20.94801433239437     1
251 52.343901173913046 20.941138478260868     1
252  52.34049968106796 20.945381568446603     1
253  52.34246254401544 20.960825016988416     1
254  52.31288908897638 20.966138855905513     1
255  52.31954435769231 20.946161996153847     1
256  52.31506207966102  20.96432603983051     1
257   52.3065216703125      20.9927158875     1
258       52.304965475         20.9920328     1
259        52.29988818 21.044686263333332     1
260    52.298902909375    21.035536871875     1
261  52.29276752380952 21.032505735714288     1
262  52.29447863406593 21.035932132967034     2
263   52.3193480971564  21.03106202251185     4
264 52.313116484249086   21.0313662025641     1
265  52.30345048055556  21.04249741388889     1
266        52.30160801        21.04006425     1
267  52.29044558899083 21.055573211009175     1
268 52.297099551162795 21.059019960465115     1
269 52.325382724949904 21.066389853406815     3
270 52.331023208415004 21.050877717843868     3
271   52.3176481975052 21.074137886070687     3
272  52.29286279285714 21.052890085714285     1
273   52.2684733390625    21.017334103125     1
274       52.285652688 21.025857652000003     2
275  52.28176410333334        21.02319412     1
276  52.28481760208333 21.026481522916665     1
277  52.28857984705882  21.03471066470588     2
278 52.287756404545455 21.044304081818183     1
279  52.28766818139535 21.028876790697673     1
280  52.28879856388889 21.024209619444445     2
281 52.296193330952384 21.045794216666664     1
282         51.2264948 20.853874598831773     1
283     52.26004896875     21.04485669375     1
284 52.264440551724135 21.042719972413792     1
285          52.257912 21.037865666666665     1
286 52.259942547826086 21.039706347826087     1
287  52.26175946774194 21.041252003225807     1
288 52.263348535294114 21.040874847058824     2
289  52.26565233333333         21.0385546     1
290  52.26049786190477  21.02885629047619     1
291  52.26266937333334  21.02887752666667     1
292        52.26346187        21.02559794     1
293  52.26844296666667 21.047311733333334     2
294  52.27073442857143 21.049996514285713     1
295 52.272987228571424         21.0443907     1
296  52.27297205238096 21.045737414285714     3
297  52.26851291818182  21.05665889090909     1
298  52.27279338333333 21.053371533333333     1
299 52.276535547222224  21.06168527361111     2
300 52.286160853913046 21.084009236521737     1
301 52.283066454545455 21.081279363636362     2
302       52.289302375 21.082182607954547     1
303  52.25219390833333 21.033140041666666     1
304     52.24992335625     21.03315289375     2
305     52.25057155625     21.03264094375     1
306       52.249820475     21.03742588125     1
307        52.24784675         21.0499711     1
308 52.250018042307694 21.040400823076922     2
309        52.25333474 21.035420180000003     1
310 52.250373706666664 21.037528746666666     1
311  52.24898197142857  21.04555952142857     1
312  52.25113814090909 21.040506186363636     1
313  52.25372694615384 21.043373869230766     2
314  52.25457311333333  21.04317492222222     1
315 52.252481964285714 21.042546235714287     1
316  52.25449363333333         21.0526704     1
317  52.24989603333333         21.0718263     1
318        52.24498052 21.072468484999998     1
319  52.23675495789474 21.049548078947367     3
320        52.23626742       21.052748744     1
321  52.23928723777777  21.05897321111111     1
322  52.23470262735042 21.066454917094017     1
323 52.230947322000006        21.06480496     2
324  52.23077716363636 21.059532327272727     1
325        52.22695645        21.06191605     1
326      52.2285098125      21.0646568375     1
327  52.22549935714286  21.07114509047619     5
328  52.22630830243902 21.065888190243903     2
329  52.22416547142857 21.062483485714285     1
330  52.22424476666667 21.066410405128206     4
331 52.225571191463416  21.10209961097561     4
332 52.224913320708445 21.093876632425065     4
333 52.219087842464454 21.110178092606635     6
 [ reached 'max' / getOption("max.print") -- omitted 4462 rows ]
> gminy_unikaty
Simple feature collection with 2247 features and 36 fields
Geometry type: MULTIPOLYGON
Dimension:     XY
Bounding box:  xmin: 14.12288 ymin: 49.00204 xmax: 24.14578 ymax: 54.83642
Geodetic CRS:  WGS 84
First 10 features:
   gml_id JPT_SJR_KO JPT_POWIER JPT_KOD_JE     JPT_NAZWA_ JPT_ORGAN_ JPT_JOR_ID WERSJA_OD WERSJA_DO WAZNY_OD WAZNY_DO JPT_KOD__1 JPT_NAZWA1
1    <NA>        GMI       4889    3215011     Szczecinek       <NA>      13151  20120926         0 20120926        0       <NA>       <NA>
2    <NA>        GMI      15063    0619072   Wola Uhruska       <NA>      13176  20120926         0 20120926        0       <NA>       <NA>
3    <NA>        GMI      19465    2214023          Gniew       <NA>      13208  20120926         0 20120926        0       <NA>       <NA>
4    <NA>        GMI       9068    2214032    Morzeszczyn       <NA>      13208  20120926         0 20120926        0       <NA>       <NA>
5    <NA>        GMI      10903    1406062      Jasieniec       <NA>      13265  20120926         0 20120926        0       <NA>       <NA>
6    <NA>        GMI      24419    1407053      Kozienice       <NA>      13266  20120926         0 20120926        0       <NA>       <NA>
7    <NA>        GMI      12143    1811052         Mielec       <NA>      13407  20120926         0 20120926        0       <NA>       <NA>
8    <NA>        GMI       5541    1811022         Borowa       <NA>      13407  20120926         0 20120926        0       <NA>       <NA>
9    <NA>        GMI       7152    1811062 Padew Narodowa       <NA>      13407  20120926         0 20120926        0       <NA>       <NA>
10   <NA>        GMI       7417    1213062       Oświęcim       <NA>      13325  20120926         0 20120926        0       <NA>       <NA>
   JPT_ORGAN1 JPT_WAZNA_ ID_BUFORA_ ID_BUFORA1 ID_TECHNIC   IIP_PRZEST                           IIP_IDENTY                IIP_WERSJA
1         NZN        NZN      13616          0     828110 PL.PZGIK.200 f3535d28-7251-4b68-b534-c815f3f89259 2012-09-26T22:34:52+02:00
2         NZN        NZN      13642          0     828350 PL.PZGIK.200 80f0f2c3-cc9a-46c6-b106-a0b3f90742ad 2012-09-26T22:43:18+02:00
3         NZN        NZN      13674          0     828600 PL.PZGIK.200 4f9983c1-4c61-4908-a51a-8e5ca6b22d54 2012-09-26T22:46:25+02:00
4         NZN        NZN      13674          0     828604 PL.PZGIK.200 94e48aeb-a203-4d29-ba01-9aba199c1fb8 2012-09-26T22:46:25+02:00
5         NZN        NZN      13731          0     826035 PL.PZGIK.200 f12aa5e1-8849-46a4-bad2-ccf226bdcad0 2012-09-26T21:57:51+02:00
6         NZN        NZN      13732          0     826050 PL.PZGIK.200 03ad8d48-35dc-4fc8-8e3d-cdf01d08fee2 2012-09-26T21:58:00+02:00
7         NZN        NZN      13767          0     826304 PL.PZGIK.200 606cd21b-7250-4a14-a951-eb4493e1ef0b 2012-09-26T22:01:24+02:00
8         NZN        NZN      13767          0     826307 PL.PZGIK.200 2db4e6cb-71bc-457f-98f5-8f216aecbde7 2012-09-26T22:01:24+02:00
9         NZN        NZN      13767          0     826309 PL.PZGIK.200 bd60aaa9-2ae5-44b1-9268-c0a798b79cc7 2012-09-26T22:01:24+02:00
10        NZN        NZN      13793          0     826565 PL.PZGIK.200 0ced91c1-f9ee-4499-b395-d2354acfba6c 2012-09-26T22:11:49+02:00
   JPT_KJ_IIP JPT_KJ_I_1 JPT_KJ_I_2 JPT_OPIS JPT_SPS_KO ID_BUFOR_1 JPT_ID JPT_POWI_1 JPT_KJ_I_3 JPT_GEOMET JPT_GEOM_1    SHAPE_LENG
1        EGIB    3215011       <NA>     <NA>        UZG          0 828110          0       <NA>          0          0   .5910644718
2        EGIB    0619072       <NA>     <NA>        UZG          0 828350          0       <NA>          0          0 1.26667897699
3        EGIB    2214023       <NA>     <NA>        UZG          0 828600          0       <NA>          0          0 1.17648653548
4        EGIB    2214032       <NA>     <NA>        UZG          0 828604          0       <NA>          0          0  .71824335003
5        EGIB    1406062       <NA>     <NA>        UZG          0 826035          0       <NA>          0          0  .72102677759
6        EGIB    1407053       <NA>     <NA>        UZG          0 826050          0       <NA>          0          0 1.21859070844
7        EGIB    1811052       <NA>     <NA>        UZG          0 826304          0       <NA>          0          0 1.31379185096
8        EGIB    1811022       <NA>     <NA>        UZG          0 826307          0       <NA>          0          0  .50642846078
9        EGIB    1811062       <NA>     <NA>        UZG          0 826309          0       <NA>          0          0  .70228811549
10       EGIB    1213062       <NA>     <NA>        UZG          0 826565          0       <NA>          0          0 1.03543521462
     SHAPE_AREA          REGON RODZAJ                       geometry
1  .00659579547 33092090800000  gmina MULTIPOLYGON (((16.70842 53...
2  .01943350175 11019785900000  gmina MULTIPOLYGON (((23.62785 51...
3  .02647713213 19167529600000  gmina MULTIPOLYGON (((18.72553 53...
4  .01244126039 19167531000000  gmina MULTIPOLYGON (((18.64127 53...
5  .01410220051 67022372900000  gmina MULTIPOLYGON (((20.99269 51...
6  .03165358518 67022333300000  gmina MULTIPOLYGON (((21.58891 51...
7  .01548215139 69058191000000  gmina MULTIPOLYGON (((21.57641 50...
8  .00699178764 69058188000000  gmina MULTIPOLYGON (((21.38389 50...
9  .00901644681 83040936000000  gmina MULTIPOLYGON (((21.5729 50....
10 .00938374347 07218187600000  gmina MULTIPOLYGON (((19.23759 49...
> 
